4961.96 0.000353339
4968.97 0.000445081
4975.98 0.000537331
4982.98 0.000630089
4989.99 0.000723357
4997.00 0.000817134
5004.00 0.000911422
5011.01 0.00100572
5018.02 0.00109985
5025.03 0.00119429
5032.03 0.00128905
5039.04 0.00138413
5046.05 0.00147952
5053.05 0.00157522
5060.06 0.00167123
5067.07 0.00176756
5074.07 0.00186409
5081.08 0.00196088
5088.09 0.00205796
5095.10 0.00301317
5102.10 0.00411118
5109.11 0.00520994
5116.12 0.00631093
5123.12 0.00741416
5130.13 0.0140115
5137.14 0.0219348
5144.14 0.0299103
5151.15 0.0379061
5158.16 0.102904
5165.17 0.168385
5172.17 0.229876
5179.18 0.290216
5186.19 0.350707
5193.19 0.395673
5200.20 0.421701
5207.21 0.447866
5214.21 0.467168
5221.22 0.474776
5228.23 0.482404
5235.24 0.488218
5242.24 0.491144
5249.25 0.494077
5256.26 0.495188
5263.26 0.494116
5270.27 0.493038
5277.28 0.491861
5284.28 0.490633
5291.29 0.489396
5298.30 0.49093
5305.31 0.494221
5312.31 0.497521
5319.32 0.501621
5326.33 0.506128
5333.33 0.510399
5340.34 0.514569
5347.35 0.517003
5354.35 0.518856
5361.36 0.520713
5368.37 0.522573
5375.38 0.524437
5382.38 0.524838
5389.39 0.524951
5396.40 0.525062
5403.40 0.52517
5410.41 0.525277
5417.42 0.525381
5424.42 0.526167
5431.43 0.526949
5438.44 0.52773
5445.45 0.528511
5452.45 0.529498
5459.46 0.532516
5466.47 0.53554
5473.47 0.538419
5480.48 0.540418
5487.49 0.54242
5494.49 0.544361
5501.50 0.546294
5508.51 0.54786
5515.52 0.548316
5522.52 0.54877
5529.53 0.549224
5536.54 0.549677
5543.54 0.550129
5550.55 0.550567
5557.56 0.550995
5564.56 0.551161
5571.57 0.550951
5578.58 0.550736
5585.59 0.550503
5592.59 0.550267
5599.60 0.550028
5606.61 0.550816
5613.61 0.552359
5620.62 0.553904
5627.63 0.55545
5634.63 0.556998
5641.64 0.558545
5648.65 0.559653
5655.66 0.560594
5662.66 0.561536
5669.67 0.562477
5676.68 0.563419
5683.68 0.564361
5690.69 0.565306
5697.70 0.565731
5704.70 0.566066
5711.71 0.566402
5718.72 0.566743
5725.73 0.567082
5732.73 0.567421
5739.74 0.567758
5746.75 0.568116
5753.75 0.568968
5760.76 0.569821
5767.77 0.570673
5774.77 0.571525
5781.78 0.572377
5788.79 0.573227
5795.80 0.573958
5802.80 0.574226
5809.81 0.574493
5816.82 0.574758
5823.82 0.575007
5830.83 0.575253
5837.84 0.575498
5844.84 0.575742
5851.85 0.575985
5858.86 0.576274
5865.87 0.576614
5872.87 0.576954
5879.88 0.577292
5886.89 0.57763
5893.89 0.577966
5900.90 0.578301
5907.91 0.578635
5914.91 0.579381
5921.92 0.580417
5928.93 0.581454
5935.94 0.582555
5942.94 0.583683
5949.95 0.584811
5956.96 0.58594
5963.96 0.58707
5970.97 0.587891
5977.98 0.588617
5984.98 0.589342
5991.99 0.590067
5999.00 0.590792
6006.01 0.591517
6013.01 0.592212
6020.02 0.592899
6027.03 0.59358
6034.03 0.593975
6041.04 0.594362
6048.05 0.594747
6055.06 0.595132
6062.06 0.595621
6069.07 0.596119
6076.08 0.596615
6083.08 0.597147
6090.09 0.59768
6097.10 0.598211
6104.10 0.598742
6111.11 0.599271
6118.12 0.599799
6125.13 0.600326
6132.13 0.600853
6139.14 0.601355
6146.15 0.601809
6153.15 0.602262
6160.16 0.602714
6167.17 0.603161
6174.17 0.603481
6181.18 0.604062
6188.19 0.60494
6195.20 0.605818
6202.20 0.606697
6209.21 0.607575
6216.22 0.608453
6223.22 0.609332
6230.23 0.610219
6237.24 0.611145
6244.24 0.612236
6251.25 0.61341
6258.26 0.614584
6265.27 0.61576
6272.27 0.616936
6279.28 0.618115
6286.29 0.619308
6293.29 0.620503
6300.30 0.621217
6307.31 0.621791
6314.31 0.622364
6321.32 0.622937
6328.33 0.62351
6335.34 0.624081
6342.34 0.624653
6349.35 0.62521
6356.36 0.625134
6363.36 0.625056
6370.37 0.624977
6377.38 0.624896
6384.38 0.624814
6391.39 0.624729
6398.40 0.624643
6405.41 0.624669
6412.41 0.625106
6419.42 0.625542
6426.43 0.625977
6433.43 0.626412
6440.44 0.626846
6447.45 0.627279
6454.45 0.627712
6461.46 0.628357
6468.47 0.629333
6475.48 0.63031
6482.48 0.631287
6489.49 0.632264
6496.50 0.633242
6503.50 0.63422
6510.51 0.635198
6517.52 0.635477
6524.52 0.634991
6531.53 0.634503
6538.54 0.634015
6545.55 0.633525
6552.55 0.633035
6559.56 0.632544
6566.57 0.632972
6573.57 0.633739
6580.58 0.634505
6587.59 0.635272
6594.59 0.636038
6601.60 0.636805
6608.61 0.63754
6615.62 0.6386
6622.62 0.639705
6629.63 0.640809
6636.64 0.641914
6643.64 0.64302
6650.65 0.644125
6657.66 0.645209
6664.66 0.645668
6671.67 0.646149
6678.68 0.646629
6685.69 0.64711
6692.69 0.64759
6699.70 0.648069
6706.71 0.648549
6713.71 0.649028
6720.72 0.649284
6727.73 0.648802
6734.73 0.648319
6741.74 0.647836
6748.75 0.647351
6755.76 0.646865
6762.76 0.646327
6769.77 0.645789
6776.78 0.64525
6783.78 0.64471
6790.79 0.644139
6797.80 0.643536
6804.80 0.642932
6811.81 0.642327
6818.82 0.642403
6825.83 0.64302
6832.83 0.643676
6839.84 0.644333
6846.85 0.644989
6853.85 0.645646
6860.86 0.646302
6867.87 0.646959
6874.87 0.647944
6881.88 0.649048
6888.89 0.650151
6895.90 0.651255
6902.90 0.652372
6909.91 0.653518
6916.92 0.654664
6923.92 0.654219
6930.93 0.653562
6937.94 0.652814
6944.94 0.652065
6951.95 0.651315
6958.96 0.650565
6965.97 0.649878
6972.97 0.650364
6979.98 0.650832
6986.99 0.651276
6993.99 0.65172
7001.00 0.652164
7008.01 0.652608
7015.02 0.653051
7022.02 0.653657
7029.03 0.654812
7036.04 0.655966
7043.04 0.657121
7050.05 0.658276
7057.06 0.659453
7064.06 0.660317
7071.07 0.660577
7078.08 0.660755
7085.09 0.660886
7092.09 0.661018
7099.10 0.66115
7106.11 0.661281
7113.11 0.661413
7120.12 0.661537
7127.13 0.661656
7134.13 0.661801
7141.14 0.661961
7148.15 0.662114
7155.16 0.66224
7162.16 0.662365
7169.17 0.662491
7176.18 0.662616
7183.18 0.662502
7190.19 0.662301
7197.20 0.6621
7204.20 0.661898
7211.21 0.661666
7218.22 0.661423
7225.23 0.661179
7232.23 0.660935
7239.24 0.659958
7246.25 0.658914
7253.25 0.657869
7260.26 0.656825
7267.27 0.65578
7274.27 0.654787
7281.28 0.65457
7288.29 0.654392
7295.30 0.654222
7302.30 0.654051
7309.31 0.65388
7316.32 0.653709
7323.32 0.653538
7330.33 0.653641
7337.34 0.654598
7344.34 0.655554
7351.35 0.65651
7358.36 0.657461
7365.37 0.658412
7372.37 0.659364
7379.38 0.659769
7386.39 0.6594
7393.39 0.659032
7400.40 0.658664
7407.41 0.658296
7414.41 0.657928
7421.42 0.65756
7428.43 0.657198
7435.44 0.656872
7442.44 0.656546
7449.45 0.65622
7456.46 0.655894
7463.46 0.655568
7470.47 0.655243
7477.48 0.654917
7484.48 0.654591
7491.49 0.654265
7498.50 0.653939
7505.51 0.654385
7512.51 0.654993
7519.52 0.6556
7526.53 0.656202
7533.53 0.656803
7540.54 0.657403
7547.55 0.658003
7554.55 0.657964
7561.56 0.657894
7568.57 0.657803
7575.58 0.65766
7582.58 0.657513
7589.59 0.657366
7596.60 0.65722
7603.60 0.657073
7610.61 0.656911
7617.62 0.656665
7624.62 0.656419
7631.63 0.656173
7638.64 0.655927
7645.65 0.655681
7652.65 0.655412
7659.66 0.655125
7666.67 0.654837
7673.67 0.654585
7680.68 0.654397
7687.69 0.654208
7694.69 0.65402
7701.70 0.653832
7708.71 0.653643
7715.72 0.653455
7722.72 0.653266
7729.73 0.652939
7736.74 0.652038
7743.74 0.650767
7750.75 0.649498
7757.76 0.64823
7764.76 0.646964
7771.77 0.645699
7778.78 0.643959
7785.79 0.642017
7792.79 0.640078
7799.80 0.638142
7806.81 0.636178
7813.81 0.635549
7820.82 0.635211
7827.83 0.634872
7834.83 0.634533
7841.84 0.63422
7848.85 0.633979
7855.86 0.633738
7862.86 0.633497
7869.87 0.633758
7876.88 0.633861
7883.88 0.633962
7890.89 0.634062
7897.90 0.634161
7904.90 0.634259
7911.91 0.634229
7918.92 0.633484
7925.93 0.632739
7932.93 0.631994
7939.94 0.631251
7946.95 0.630507
7953.95 0.629764
7960.96 0.628983
7967.97 0.628202
7974.97 0.627225
7981.98 0.625894
7988.99 0.624565
7996.00 0.623237
8003.00 0.621911
8010.01 0.620587
8017.02 0.619148
8024.02 0.617667
8031.03 0.616869
8038.04 0.616679
8045.05 0.616488
8052.05 0.616295
8059.06 0.616102
8066.07 0.615907
8073.07 0.615712
8080.08 0.615389
8087.09 0.61501
8094.09 0.614631
8101.10 0.61425
8108.11 0.613854
8115.12 0.613386
8122.12 0.612917
8129.13 0.612447
8136.14 0.611776
8143.14 0.610798
8150.15 0.609609
8157.16 0.608421
8164.16 0.607233
8171.17 0.606045
8178.18 0.604874
8185.19 0.603734
8192.19 0.602573
8199.20 0.601148
8206.21 0.599724
8213.21 0.5983
8220.22 0.596879
8227.23 0.595458
8234.23 0.594039
8241.24 0.592753
8248.25 0.5915
8255.26 0.590323
8262.26 0.589148
8269.27 0.588093
8276.28 0.587241
8283.28 0.586388
8290.29 0.585535
8297.30 0.584682
8304.30 0.583428
8311.31 0.581643
8318.32 0.579861
8325.33 0.578081
8332.33 0.576258
8339.34 0.574346
8346.35 0.572436
8353.35 0.570529
8360.36 0.568625
8367.37 0.566724
8374.37 0.564826
8381.38 0.56293
8388.39 0.56188
8395.40 0.561161
8402.40 0.560441
8409.41 0.559716
8416.42 0.558989
8423.42 0.558261
8430.43 0.557435
8437.44 0.556567
8444.44 0.555698
8451.45 0.555296
8458.46 0.554934
8465.47 0.554568
8472.47 0.554199
8479.48 0.553798
8486.49 0.553352
8493.49 0.552055
8500.50 0.550758
8507.51 0.549462
8514.51 0.548165
8521.52 0.546862
8528.53 0.545347
8535.54 0.543218
8542.54 0.541092
8549.55 0.53897
8556.56 0.53692
8563.56 0.534873
8570.57 0.533179
8577.58 0.532213
8584.58 0.531247
8591.59 0.530278
8598.60 0.529308
8605.61 0.5285
8612.61 0.527746
8619.62 0.526804
8626.63 0.525654
8633.63 0.524474
8640.64 0.523336
8647.65 0.523283
8654.65 0.523741
8661.66 0.524195
8668.67 0.524644
8675.68 0.525089
8682.68 0.525058
8689.69 0.524796
8696.70 0.524531
8703.70 0.52427
8710.71 0.524033
8717.72 0.523793
8724.72 0.52355
8731.73 0.522931
8738.74 0.522233
8745.75 0.521532
8752.75 0.52083
8759.76 0.520126
8766.77 0.516172
8773.77 0.51202
8780.78 0.504247
8787.79 0.495833
8794.79 0.478701
8801.80 0.461406
8808.81 0.444082
8815.82 0.426826
8822.82 0.404322
8829.83 0.371072
8836.84 0.337961
8843.84 0.304992
8850.85 0.272163
8857.86 0.239477
8864.86 0.206932
8871.87 0.183614
8878.88 0.161561
8885.89 0.139638
8892.89 0.117844
8899.90 0.096181
8906.91 0.0746487
8913.91 0.0532474
8920.92 0.0371976
8927.93 0.0302253
8934.93 0.0232961
8941.94 0.0164099
8948.95 0.0119891
8955.96 0.0099352
8962.96 0.00789423
8969.97 0.00618082
8976.98 0.00469811
8983.98 0.0032249
8990.99 0.00176123
